1300.08 0.119076155
1300.4 0.10079378
1300.72 0.10550724
1301.03 0.134403
1301.35 0.19863576
1301.66 0.08768957
1301.98 0.17370564
1302.29 0.2112805
1302.61 0.113549806
1302.92 0.06017678
1303.24 0.19498697
1303.5601 0.14584039
1303.87 0.0363899
1304.1801 0.09993653
1304.5 0.19953977
1304.8101 0.14936814
1305.13 0.11128588
1305.4399 0.15744464
1305.76 0.20383032
1306.08 0.16547914
1306.39 0.13661638
1306.7 0.15142037
1307.02 0.14201693
1307.34 0.13997492
1307.65 0.15145954
1307.97 0.14657637
1308.28 0.13272241
1308.59 0.11937448
1308.91 0.12098954
1309.23 0.07040971
1309.54 0.18454684
1309.85 0.16742623
1310.17 0.07935604
1310.48 0.10686978
1310.8 0.21599846
1311.11 0.14237031
1311.4301 0.100317456
1311.74 0.09908544
1312.0601 0.14317678
1312.37 0.120103575
1312.6801 0.16064464
1313.0 0.11503315
1313.3101 0.08602871
1313.63 0.09570603
1313.9399 0.1801374
1314.26 0.21875627
1314.5699 0.09954184
1314.88 0.12628189
1315.2 0.22516195
1315.51 0.1861389
1315.83 0.1501905
1316.14 0.19729054
1316.46 0.15919119
1316.77 0.12512654
1317.09 0.16794315
1317.4 0.24303016
1317.71 0.14485832
1318.03 0.16653764
1318.34 0.17041333
1318.66 0.22816066
1318.97 0.17245844
1319.28 0.24277861
1319.6 0.22361855
1319.91 0.1406131
1320.22 0.212821
1320.54 0.24539165
1320.85 0.17732711
1321.17 0.15933739
1321.48 0.16507779
1321.79 0.18908921
1322.11 0.1193498
1322.42 0.16542573
1322.73 0.15168974
1323.05 0.16619234
1323.36 0.16834947
1323.6801 0.1667052
1323.99 0.15817373
1324.3 0.09979745
1324.61 0.091494285
1324.9301 0.13302693
1325.24 0.11047419
1325.55 0.15508221
1325.87 0.22057071
1326.1801 0.03400445
1326.5 0.09165022
1326.8101 0.13789846
1327.12 0.14189564
1327.4399 0.12215344
1327.75 0.13515748
1328.0601 0.12988082
1328.38 0.13456604
1328.6899 0.1129007
1329.0 0.17738149
1329.3199 0.121052206
1329.63 0.1005498
1329.9399 0.16405466
1330.25 0.1921876
1330.5699 0.13510789
1330.88 0.14043723
1331.1899 0.22027974
1331.5 0.073457085
1331.8199 0.08207827
1332.13 0.16900924
1332.4399 0.20395276
1332.76 0.08556709
1333.0699 0.08536251
1333.38 0.16940036
1333.7 0.15327135
1334.01 0.1321464
1334.3199 0.08680147
1334.63 0.14112504
1334.9399 0.1432226
1335.26 0.16927887
1335.5699 0.23994243
1335.88 0.096041866
1336.2 0.18756552
1336.51 0.15328962
1336.8199 0.06322748
1337.13 0.115554094
1337.4399 0.17736155
1337.76 0.14279918
1338.0699 0.0
1338.38 0.13273454
1338.7 0.25477824
1339.01 0.14730546
1339.3199 0.10437731
1339.63 0.12884104
1339.9399 0.14830962
1340.25 0.13596442
1340.5699 0.1573103
1340.88 0.21092352
1341.1899 0.10859758
1341.5 0.1372712
1341.8199 0.15810324
1342.13 0.148073
1342.4399 0.20709555
1342.75 0.23715544
1343.0601 0.15138881
1343.38 0.14274935
1343.6899 0.1751624
1344.0 0.2547996
1344.3101 0.22478244
1344.62 0.052122585
1344.9301 0.18941791
1345.25 0.17884986
1345.5601 0.17658569
1345.87 0.17859116
1346.1801 0.19886978
1346.49 0.18544564
1346.8 0.065932386
1347.12 0.21033564
1347.4301 0.15846422
1347.74 0.20342684
1348.05 0.13613269
1348.36 0.2190748
1348.67 0.2410247
1348.99 0.18181297
1349.3 0.2168277
1349.61 0.23499806
1349.92 0.2294425
1350.23 0.26827544
1350.54 0.28196257
1350.85 0.20168741
1351.16 0.21494398
1351.47 0.2970001
1351.79 0.23972411
1352.1 0.1838873
1352.41 0.36421335
1352.72 0.33116683
1353.03 0.24305865
1353.34 0.24821833
1353.65 0.2894481
1353.96 0.27562574
1354.27 0.21694946
1354.59 0.2577212
1354.9 0.24580939
1355.21 0.20732054
1355.52 0.27943256
1355.83 0.2929298
1356.14 0.23831554
1356.45 0.1716019
1356.76 0.23946182
1357.0699 0.24467015
1357.38 0.22496426
1357.6899 0.23326859
1358.0 0.17132731
1358.3199 0.11959662
1358.62 0.19484553
1358.9399 0.25396183
1359.25 0.2646656
1359.5601 0.10568311
1359.87 0.17217363
1360.1801 0.20639257
1360.49 0.20881458
1360.8 0.1224793
1361.11 0.17902596
1361.42 0.17600754
1361.73 0.09158994
1362.04 0.20677705
1362.35 0.25195634
1362.66 0.1260246
1362.97 0.06821412
1363.28 0.19695567
1363.59 0.15648392
1363.9 0.18176077
1364.21 0.21606302
1364.52 0.14665706
1364.83 0.06539102
1365.14 0.12344786
1365.45 0.20809308
1365.76 0.20303285
1366.0699 0.049170855
1366.38 0.18652599
1366.6899 0.21495159
1367.0 0.16340269
1367.3101 0.18590868
1367.62 0.19560523
1367.9301 0.22239724
1368.24 0.05909145
1368.55 0.23257132
1368.86 0.2444328
1369.17 0.16255684
1369.48 0.18891263
1369.79 0.2544365
1370.1 0.16997378
1370.41 0.24999121
1370.72 0.2794658
1371.03 0.21923666
1371.34 0.17373033
1371.65 0.3074215
1371.95 0.34191334
1372.26 0.27436072
1372.5699 0.2815781
1372.88 0.2904639
1373.1899 0.26945502
1373.5 0.22567174
1373.8101 0.3041249
1374.12 0.26463
1374.4301 0.19642569
1374.74 0.15884705
1375.05 0.32135063
1375.36 0.27263296
1375.67 0.25928998
1375.97 0.21960807
1376.28 0.23143733
1376.59 0.20553839
1376.9 0.21524775
1377.21 0.26317516
1377.52 0.17773011
1377.83 0.17203645
1378.14 0.21595335
1378.45 0.22593899
1378.76 0.23118527
1379.0699 0.2473568
1379.37 0.2682802
1379.6801 0.20353457
1379.99 0.20833445
1380.3 0.27603394
1380.61 0.23812707
1380.92 0.15204695
1381.23 0.13836008
1381.53 0.16882342
1381.84 0.16321757
1382.15 0.17945223
1382.46 0.25336373
1382.77 0.21264918
1383.08 0.06134067
1383.39 0.17229182
1383.6899 0.23245785
1384.0 0.07689061
1384.3101 0.15581438
1384.62 0.12105837
1384.9301 0.15109831
1385.24 0.12988177
1385.54 0.17393658
1385.85 0.15462747
1386.16 0.06435932
1386.47 0.120768115
1386.78 0.25716347
1387.08 0.15385282
1387.39 0.10513391
1387.7 0.17176352
1388.01 0.14488702
1388.3199 0.14340891
1388.63 0.16732916
1388.9301 0.21593532
1389.24 0.117872156
1389.55 0.052564032
1389.86 0.0867025
1390.17 0.20130031
1390.47 0.15403864
1390.78 0.12458018
1391.09 0.11031375
1391.4 0.03932739
1391.7 0.12569636
1392.01 0.1403931
1392.3199 0.16814607
1392.63 0.06821531
1392.9399 0.10522957
1393.24 0.19066271
1393.55 0.18021525
1393.86 0.21557622
1394.17 0.1759418
1394.47 0.16811308
1394.78 0.0833905
1395.09 0.19352236
1395.39 0.23221934
1395.7 0.10478456
1396.01 0.1299589
1396.3199 0.13377596
1396.62 0.12501688
1396.9301 0.16799986
1397.24 0.21739352
1397.55 0.16188827
1397.85 0.07576967
1398.16 0.10879624
1398.47 0.26618928
1398.78 0.16821277
1399.08 0.19650164
1399.39 0.12938479
1399.7 0.082207374
1400.0 0.1138282
1400.3101 0.20312421
1400.62 0.2584854
1400.92 0.07532729
1401.23 0.12832107
1401.54 0.18630219
1401.84 0.23431833
1402.15 0.21161203
1402.46 0.14595123
1402.76 0.17214207
1403.0699 0.10601278
1403.38 0.19676462
1403.6899 0.23269495
1403.99 0.2216361
1404.3 0.14911015
1404.61 0.11289904
1404.91 0.24519941
1405.22 0.2032963
1405.52 0.19604784
1405.83 0.16981478
1406.14 0.12530904
1406.4399 0.11332031
1406.75 0.16660054
1407.0601 0.2538218
1407.36 0.18938707
1407.67 0.09148978
1407.98 0.17135769
1408.28 0.26285714
1408.59 0.14502609
1408.9 0.22370994
1409.2 0.23641518
1409.51 0.12238389
1409.8199 0.70635515
1410.12 0.77555007
1410.4301 0.21011183
1410.73 0.12100593
1411.04 0.15151767
1411.34 0.18274239
1411.65 0.12378107
1411.96 0.25587472
1412.26 0.14968617
1412.5699 0.16548792
1412.88 0.05360474
1413.1801 0.16790232
1413.49 0.22168024
1413.79 0.20758113
1414.1 0.12892792
1414.4 0.12005184
1414.71 0.14582734
1415.02 0.15143082
1415.3199 0.27475232
1415.63 0.24428329
1415.9301 0.087078914
1416.24 0.075360745
1416.54 0.12297652
1416.85 0.2069052
1417.15 0.19851092
1417.46 0.109660126
1417.77 0.12642357
1418.0699 0.13203226
1418.38 0.17371583
1418.6801 0.24862655
1418.99 0.1754396
1419.29 0.11934078
1419.6 0.16102389
1419.91 0.1716159
1420.21 0.12121264
1420.51 0.23267145
1420.8199 0.103235245
1421.12 0.06469824
1421.4301 0.072678626
1421.73 0.15494455
1422.04 0.21062899
1422.35 0.078344285
1422.65 0.09107136
1422.95 0.08409941
1423.26 0.11533861
1423.5699 0.18953562
1423.87 0.20321253
1424.1801 0.13500914
1424.48 0.098371774
1424.79 0.06671891
1425.09 0.14424051
1425.39 0.24122408
1425.7 0.14217027
1426.0 0.01985818
1426.3101 0.16003919
1426.61 0.09492687
1426.92 0.16818145
1427.22 0.17047432
1427.53 0.07641048
1427.83 0.086300455
1428.14 0.15220287
1428.4399 0.17870936
1428.75 0.1501556
1429.05 0.09739562
1429.36 0.11939774
1429.66 0.08064382
1429.96 0.12828141
1430.27 0.21959051
1430.5699 0.15141207
1430.88 0.0742168
1431.1801 0.103112064
1431.49 0.186596
1431.79 0.12293403
1432.09 0.12952529
1432.4 0.15676633
1432.7 0.09619565
1433.01 0.04749337
1433.3101 0.17940499
1433.62 0.2054672
1433.92 0.14039475
1434.22 0.065830804
1434.53 0.08738935
1434.83 0.11725651
1435.14 0.1222054
1435.4399 0.16180709
1435.74 0.11478349
1436.05 0.09030856
1436.35 0.09597683
1436.66 0.17332187
1436.96 0.19631913
1437.26 0.12034921
1437.5699 0.104664244
1437.87 0.12576756
1438.17 0.09537067
1438.48 0.1416346
1438.78 0.1983424
1439.09 0.11692281
1439.39 0.09032874
1439.6899 0.12235755
1440.0 0.13255273
1440.3 0.18807127
1440.6 0.10285147
1440.91 0.1367754
1441.21 0.10780702
1441.51 0.09284307
1441.8199 0.2107873
1442.12 0.2171861
1442.42 0.08783103
1442.73 0.061718512
1443.03 0.12508287
1443.33 0.18963555
1443.64 0.21621585
1443.9399 0.14050606
1444.24 0.11748552
1444.55 0.12270878
1444.85 0.1590234
1445.15 0.20554361
1445.45 0.24351907
1445.76 0.082134284
1446.0601 0.07406704
1446.37 0.15903479
1446.67 0.13150515
1446.97 0.1932117
1447.27 0.15570949
1447.58 0.13125758
1447.88 0.08947671
1448.1801 0.17442855
1448.49 0.20977315
1448.79 0.18981354
1449.09 0.12024597
1449.4 0.18998799
1449.7 0.1121016
1450.0 0.11205484
1450.3 0.21286848
1450.6 0.18907425
1450.91 0.077696115
1451.21 0.075247064
1451.51 0.13022497
1451.8199 0.22269365
1452.12 0.18580662
1452.42 0.105003856
1452.72 0.11722779
1453.03 0.10333587
1453.33 0.19504893
1453.63 0.18944567
1453.9301 0.18407051
1454.24 0.06856276
1454.54 0.12273989
1454.84 0.16005722
1455.14 0.16532487
1455.4399 0.14257777
1455.75 0.107480206
1456.05 0.12197639
1456.35 0.029188212
1456.65 0.20244355
1456.95 0.22593066
1457.26 0.12979135
1457.5601 0.06663157
1457.86 0.06920381
1458.16 0.1804654
1458.47 0.11798821
1458.77 0.19600347
1459.0699 0.095058344
1459.37 0.049877398
1459.67 0.07920985
1459.97 0.19777066
1460.28 0.18911056
1460.58 0.11351255
1460.88 0.08323646
1461.1801 0.13340761
1461.48 0.114030644
1461.79 0.18720524
1462.09 0.18561059
1462.39 0.13701533
1462.6899 0.04569105
1462.99 0.08655417
1463.29 0.15137978
1463.59 0.11580497
1463.9 0.10632914
1464.2 0.09257369
1464.5 0.09400054
1464.8 0.13576695
1465.1 0.15759036
1465.4 0.14048399
1465.7 0.13974729
1466.01 0.074211806
1466.3101 0.13374582
1466.61 0.13892445
1466.91 0.14148648
1467.21 0.22355044
1467.51 0.11550428
1467.8101 0.04685067
1468.11 0.07146489
1468.42 0.22684631
1468.72 0.17645422
1469.02 0.09496745
1469.3199 0.09037336
1469.62 0.11117077
1469.92 0.16566639
1470.22 0.13875334
1470.52 0.19253126
1470.8199 0.10366838
1471.12 0.08386777
1471.42 0.074270435
1471.72 0.18594925
1472.03 0.14952953
1472.33 0.13328184
1472.63 0.09662191
1472.9301 0.09033871
1473.23 0.12036606
1473.53 0.15039225
1473.83 0.16380402
1474.13 0.11432161
1474.4301 0.08358843
1474.73 0.13615975
1475.03 0.12892272
1475.33 0.13307819
1475.63 0.12204474
1475.9301 0.087040946
1476.23 0.08241671
1476.53 0.12763372
1476.84 0.22387846
1477.14 0.1331043
1477.4399 0.08054177
1477.74 0.10796176
1478.04 0.14226517
1478.34 0.24990578
1478.64 0.08579825
1478.9399 0.16139935
1479.24 0.082020834
1479.54 0.07313074
1479.84 0.1793478
1480.14 0.25755745
1480.4399 0.106502876
1480.74 0.054414768
1481.04 0.10651474
1481.34 0.14366071
1481.64 0.096075565
1481.9399 0.13417825
1482.24 0.18367489
1482.54 0.025980303
1482.84 0.11630243
1483.14 0.13447681
1483.4399 0.22646539
1483.74 0.1414065
1484.04 0.12019495
1484.34 0.080950454
1484.64 0.074699536
1484.9301 0.1574534
1485.23 0.1557204
1485.53 0.22258165
1485.83 0.08486458
1486.13 0.07531281
1486.4301 0.1466967
1486.73 0.14190063
1487.03 0.12595458
1487.33 0.14774975
1487.63 0.07770015
1487.9301 0.056782417
1488.23 0.12795295
1488.53 0.20150062
1488.83 0.12766719
1489.13 0.017525345
1489.4301 0.11173254
1489.73 0.14969543
1490.03 0.15372346
1490.3199 0.19003284
1490.62 0.11812065
1490.92 0.10056119
1491.22 0.102941416
1491.52 0.2591191
1491.8199 0.18935692
1492.12 0.07996528
1492.42 0.08544866
1492.72 0.1519323
1493.02 0.08100481
1493.3199 0.14868675
1493.62 0.18718246
1493.91 0.15590838
1494.21 0.110400856
1494.51 0.0893457
1494.8101 0.13095403
1495.11 0.18989496
1495.41 0.12661603
1495.71 0.16278777
1496.0 0.07199321
1496.3 0.13286342
1496.6 0.17475465
1496.9 0.23540366
1497.2 0.08886723
1497.5 0.07999352
1497.8 0.099845394
1498.1 0.14628707
1498.39 0.18110788
1498.6899 0.10344054
1498.99 0.09365927
1499.29 0.035232894
1499.59 0.088837095
1499.88 0.19395147
1500.1801 0.07597948
1500.48 0.12153993
1500.78 0.088313766
1501.08 0.1293817
1501.38 0.15954077
1501.6801 0.13820677
1501.97 0.20327091
1502.27 0.12285713
1502.5699 0.10748162
1502.87 0.10137026
1503.17 0.2250891
1503.46 0.19692196
1503.76 0.12794133
1504.0601 0.11165707
1504.36 0.124572836
1504.66 0.13013926
1504.95 0.18365541
1505.25 0.15719782
1505.55 0.22544463
1505.85 0.12780198
1506.14 0.12652467
1506.4399 0.22327419
1506.74 0.17074701
1507.04 0.117278814
1507.34 0.089450836
1507.63 0.13567868
1507.9301 0.1520092
1508.23 0.19682631
1508.53 0.28697982
1508.8199 0.11868218
1509.12 0.15520942
1509.42 0.12955971
1509.72 0.19600038
1510.01 0.13167389
1510.3101 0.08894864
1510.61 0.17747308
1510.9 0.11220791
1511.2 0.1487627
1511.5 0.1758267
1511.8 0.1903148
1512.1 0.12078853
1512.39 0.13528113
1512.6899 0.15025032
1512.99 0.15169306
1513.28 0.14411876
1513.58 0.113340035
1513.88 0.11404538
1514.1801 0.1147808
1514.47 0.11515435
1514.77 0.117270365
1515.0699 0.11938552
1515.36 0.12143095
1515.66 0.13842298
1515.96 0.14677146
1516.25 0.16698977
1516.55 0.18032846
1516.85 0.19034801
1517.14 0.15290394
1517.4399 0.04307657
1517.74 0.1314273
1518.04 0.16305926
1518.33 0.23290619
1518.63 0.10980444
1518.9301 0.175863
1519.22 0.110917546
1519.52 0.09819069
1519.8101 0.16948536
1520.11 0.220612
1520.41 0.1753862
1520.71 0.07700311
1521.0 0.16540864
1521.3 0.1949611
1521.59 0.16684762
1521.89 0.19309019
1522.1899 0.1820781
1522.48 0.14781407
1522.78 0.046866097
1523.08 0.16332415
1523.37 0.19695708
1523.67 0.08890449
1523.97 0.10901718
1524.26 0.044882216
1524.5601 0.12173264
1524.85 0.07493877
1525.15 0.12237439
1525.45 0.16103718
1525.74 0.13111898
1526.04 0.16244219
1526.33 0.11877711
1526.63 0.19995937
1526.9301 0.11739013
1527.22 0.11386262
1527.52 0.107970536
1527.8101 0.15311423
1528.11 0.1987409
1528.41 0.21186027
1528.7 0.21122138
1529.0 0.14104955
1529.29 0.13947341
1529.59 0.14264847
1529.88 0.20563571
1530.1801 0.1361932
1530.48 0.18850489
1530.77 0.15585165
1531.0699 0.10041334
1531.36 0.14679022
1531.66 0.15281875
1531.95 0.10663198
1532.25 0.13638973
1532.54 0.15451452
1532.84 0.15744534
1533.14 0.17532285
1533.4301 0.12057278
1533.73 0.22744247
1534.02 0.07964535
1534.3199 0.096075326
1534.61 0.15402868
1534.91 0.25207976
1535.2 0.14316325
1535.5 0.13011554
1535.79 0.17353807
1536.09 0.106821135
1536.38 0.16089004
1536.6801 0.17198354
1536.97 0.2203196
1537.27 0.20811561
1537.5601 0.18022712
1537.86 0.22565444
1538.15 0.13839021
1538.45 0.14841144
1538.74 0.18356809
1539.04 0.11641113
1539.33 0.12446673
1539.63 0.17616941
1539.92 0.21360919
1540.22 0.11384696
1540.51 0.18802832
1540.8101 0.18813868
1541.1 0.13340239
1541.4 0.1678819
1541.6899 0.16911297
1541.99 0.19168255
1542.28 0.16510272
1542.58 0.12544908
1542.87 0.15436497
1543.16 0.23595
1543.46 0.186507
1543.75 0.16766216
1544.05 0.18463752
1544.34 0.21393721
1544.64 0.16015406
1544.9301 0.19132061
1545.23 0.20395608
1545.52 0.14608723
1545.8101 0.10481659
1546.11 0.18647212
1546.4 0.22919282
1546.7 0.27309102
1546.99 0.21824744
1547.29 0.14892006
1547.58 0.1911343
1547.87 0.16522661
1548.17 0.22071858
1548.46 0.2659994
1548.76 0.17599663
1549.05 0.14769658
1549.34 0.31305817
1549.64 0.2619695
1549.9301 0.3005886
1550.22 0.30218348
1550.52 0.38043752
1550.8101 0.25719196
1551.11 0.34659833
1551.4 0.4405141
1551.6899 0.35524204
1551.99 0.49021435
1552.28 0.45573196
1552.58 0.5681599
1552.87 0.59514487
1553.16 0.6565457
1553.46 0.69254935
1553.75 0.7888361
1554.04 0.77998114
1554.34 0.81242245
1554.63 0.96613944
1554.92 1.0
1555.22 0.9061745
1555.51 0.6886903
1555.8 0.47381687
1556.1 0.28005916
1556.39 0.22252849
1556.6801 0.21554396
1556.98 0.16654477
1557.27 0.1901629
1557.5601 0.09866583
1557.86 0.21340367
1558.15 0.22133136
1558.4399 0.19198707
1558.74 0.2167432
1559.03 0.18761203
1559.3199 0.15965375
1559.62 0.1713159
1559.91 0.1457006
1560.2 0.18557286
1560.5 0.19291195
1560.79 0.230848
1561.08 0.17976314
1561.38 0.25800365
1561.67 0.21019681
1561.96 0.15833037
1562.25 0.12613711
1562.55 0.18552801
1562.84 0.2007459
1563.13 0.2192566
1563.42 0.19003142
1563.72 0.12991974
1564.01 0.17349274
1564.3 0.15628098
1564.59 0.19718848
1564.89 0.17161472
1565.1801 0.185411
1565.47 0.21175823
1565.76 0.15690945
1566.0601 0.19506837
1566.35 0.17078546
1566.64 0.1713992
1566.9399 0.22538908
1567.23 0.14169987
1567.52 0.13345793
1567.8101 0.19567904
1568.11 0.21325533
1568.4 0.15129861
1568.6899 0.1491251
1568.98 0.1587927
1569.27 0.1935931
1569.5601 0.16618735
1569.86 0.21992609
1570.15 0.20481479
1570.4399 0.1640492
1570.73 0.18045995
1571.03 0.12019114
1571.3199 0.19945623
1571.61 0.17688687
1571.9 0.22383976
1572.1899 0.19198254
1572.49 0.21398656
1572.78 0.1733221
1573.0699 0.22734353
1573.36 0.22344652
1573.65 0.16993937
1573.9399 0.16626212
1574.24 0.19414134
1574.53 0.205874
1574.8199 0.18698332
1575.11 0.17900436
1575.4 0.18929593
1575.7 0.20931463
1575.99 0.17284577
1576.28 0.23059788
1576.5699 0.2169122
1576.86 0.19207343
1577.15 0.22372274
1577.45 0.18702345
1577.74 0.24716218
1578.03 0.23112074
1578.3199 0.22671625
1578.61 0.2610059
1578.9 0.1911101
1579.1899 0.21995294
1579.48 0.24761787
1579.78 0.27339476
1580.0699 0.20329866
1580.36 0.23527029
1580.65 0.25989756
1580.9399 0.21998711
1581.23 0.25105447
1581.52 0.16916803
1581.8199 0.2441765
1582.11 0.23447616
1582.4 0.20153455
1582.6899 0.19661745
1582.98 0.22921824
1583.27 0.22481354
1583.5601 0.23727861
1583.85 0.17334038
1584.14 0.19232705
1584.4301 0.19381824
1584.72 0.19381824
1585.01 0.20375101
1585.3101 0.2659235
1585.6 0.24314885
1585.89 0.21517631
1586.1801 0.22970669
1586.47 0.20319828
1586.76 0.24126442
1587.05 0.27579185
1587.34 0.19950487
1587.63 0.19348726
1587.92 0.21169722
1588.21 0.19931003
1588.5 0.1418477
1588.79 0.28637463
1589.08 0.25837862
1589.37 0.21592014
1589.66 0.19602555
1589.95 0.17234974
1590.24 0.18547602
1590.54 0.13762197
1590.83 0.21129756
1591.12 0.24511397
1591.41 0.18543354
1591.7 0.15115976
1591.99 0.22654586
1592.28 0.20534758
1592.5699 0.27482116
1592.86 0.18528923
1593.15 0.20161715
1593.4399 0.17190996
1593.73 0.1248842
1594.02 0.17398521
1594.3101 0.15782484
1594.6 0.084708884
1594.89 0.119584516
1595.1801 0.20430353
1595.47 0.19456641
1595.76 0.15611367
1596.05 0.15611082
1596.34 0.22541043
1596.63 0.16180307
1596.92 0.12715003
1597.21 0.2567315
1597.5 0.19288489
1597.78 0.18908161
1598.0699 0.26336026
1598.36 0.22513774
1598.65 0.22108927
1598.9399 0.2588082
1599.23 0.3086295
1599.52 0.25473076
1599.8101 0.29528657
1600.1 0.23354748
1600.39 0.3175272
1600.6801 0.30419847
1600.97 0.3411776
1601.26 0.3038662
1601.55 0.37097734
1601.84 0.30707496
1602.13 0.41452593
1602.42 0.437958
1602.7 0.44026488
1602.99 0.36638728
1603.28 0.4057161
1603.5699 0.47400203
1603.86 0.43524998
1604.15 0.4722125
1604.4399 0.5554577
1604.73 0.49417076
1605.02 0.5199903
1605.3101 0.53774774
1605.6 0.5227624
1605.89 0.45296463
1606.17 0.5504974
1606.46 0.45626837
1606.75 0.513466
1607.04 0.46149683
1607.33 0.44228697
1607.62 0.4980844
1607.91 0.46441132
1608.1899 0.4345451
1608.48 0.47992116
1608.77 0.5696883
1609.0601 0.49902424
1609.35 0.5045565
1609.64 0.5020265
1609.9301 0.5165941
1610.22 0.5133711
1610.51 0.47171172
1610.79 0.561308
1611.08 0.50447816
1611.37 0.4937032
1611.66 0.5422714
1611.95 0.5400594
1612.23 0.489443
1612.52 0.54658854
1612.8101 0.6163222
1613.1 0.48646683
1613.39 0.514928
1613.6801 0.5377003
1613.97 0.6264659
1614.25 0.56310695
1614.54 0.53939724
1614.83 0.45137691
1615.12 0.5052946
1615.41 0.4552692
1615.6899 0.5056435
1615.98 0.47414914
1616.27 0.45429134
1616.5601 0.43918976
1616.85 0.42409524
1617.13 0.45054382
1617.42 0.4304796
1617.71 0.41920143
1618.0 0.39843696
1618.28 0.38313362
1618.5699 0.37637913
1618.86 0.4353734
1619.15 0.47420135
1619.4399 0.4370893
1619.73 0.38171202
1620.01 0.44667053
1620.3 0.4100569
1620.59 0.50659287
1620.88 0.44507328
1621.16 0.44859058
1621.45 0.38827196
1621.74 0.3939371
1622.03 0.44280672
1622.3101 0.5306064
1622.6 0.42949462
1622.89 0.41810018
1623.17 0.3521282
1623.46 0.3108462
1623.75 0.38017172
1624.04 0.3768775
1624.3199 0.40895566
1624.61 0.37197894
1624.9 0.22227383
1625.1899 0.27431327
1625.47 0.35531566
1625.76 0.2685318
1626.05 0.25390488
1626.34 0.19016029
1626.62 0.20189743
1626.91 0.17424652
1627.2 0.20641346
1627.48 0.29887268
1627.77 0.20432372
1628.0601 0.19712344
1628.34 0.1994268
1628.63 0.20126614
1628.92 0.12076099
1629.2 0.17103799
1629.49 0.2089845
1629.78 0.16838434
1630.0601 0.14868058
1630.35 0.14370295
1630.64 0.20376834
1630.92 0.17555803
1631.21 0.124591574
1631.5 0.14366189
1631.78 0.13925508
1632.0699 0.12987962
1632.36 0.16750859
1632.64 0.17453061
1632.9301 0.12175091
1633.22 0.038121972
1633.5 0.14317678
1633.79 0.20954676
1634.08 0.23509464
1634.36 0.24189098
1634.65 0.16372074
1634.9399 0.13230187
1635.22 0.10752554
1635.51 0.1743576
1635.79 0.17663172
1636.08 0.11885756
1636.37 0.113058284
1636.65 0.12909265
1636.9399 0.13658267
1637.22 0.21479967
1637.51 0.14919367
1637.8 0.16428486
1638.08 0.068783015
1638.37 0.09337849
1638.65 0.20911813
1638.9399 0.22020236
1639.23 0.18003297
1639.51 0.06392857
1639.8 0.12512699
1640.09 0.04370266
1640.37 0.15287475
1640.66 0.19633931
1640.9399 0.19237226
1641.23 0.11271534
1641.51 0.11449844
1641.8 0.13460305
1642.08 0.15830097
1642.37 0.14262642
1642.66 0.14834024
1642.9399 0.10376402
1643.23 0.08980471
1643.51 0.09084351
1643.8 0.17571111
1644.09 0.22976103
1644.37 0.15446918
1644.66 0.14067122
1644.9399 0.079897396
1645.23 0.09509419
1645.51 0.13714942
1645.8 0.17281374
1646.08 0.17929463
1646.37 0.046229564
1646.65 0.07361302
1646.9399 0.15253513
1647.22 0.14983118
1647.51 0.120301746
1647.79 0.14607702
1648.08 0.13054702
1648.36 0.012011228
1648.65 0.15193942
1648.9301 0.21308374
1649.22 0.21036553
1649.5 0.09395877
1649.79 0.08456412
1650.08 0.06212031
